population PC1 PC2 PC3 PC4 PC5
JekyllIs 0.858548412103063 -0.825356476267721 -0.263511302734675 -0.303224006312602 -0.0884067312681944
JekyllIs 0.802991961836977 -0.814245677233915 -0.469025630344078 0.0437018262427369 0.351813351411273
JekyllIs 0.909369430269479 -0.798680610989235 -0.0754131717107006 -0.0474588122023294 0.0795415848219507
JekyllIs 0.887256238211212 -0.95389269089932 -0.751231274766879 -0.105759872683829 0.0354686298056521
JekyllIs 0.824223904169337 -0.646226578670932 -0.186331828262102 -0.221552864742694 -0.0585710371350351
JekyllIs 0.875975584817048 -0.870912892830843 -0.646170663616036 -0.357167619222176 0.00792804204379771
JekyllIs 0.797929354852025 -0.715017054362918 -0.361031333900449 0.0936048426334899 -0.241382649458329
JekyllIs 0.969884416276806 -0.639845927257277 -0.21959874765592 -0.484659510243185 0.309171193259681
JekyllIs 0.929704849314249 -0.760081394029001 -0.352002315183995 -0.0286391283134023 -0.124691948330843
JekyllIs 0.850596911325876 -0.876877842913126 -0.67819631336492 -0.335013404235497 -0.146570024190938
JekyllIs 0.828349377277142 -0.830751878474268 -0.660295497615429 -0.27878131840078 -0.547453473515597
JekyllIs 0.896644175549214 -0.600041620362636 0.204038813967407 -0.282342477408647 0.111321138599124
JekyllIs 0.951623429782877 -0.932865045252927 -0.617107541485694 -0.28763778859461 -0.38282949952394
JekyllIs 0.783855896732548 -0.849824695713769 -0.628475874006974 -0.492467390651674 0.394787548538332
JekyllIs 0.894981822921689 -0.957038850668319 -0.7767262900964 -0.481095315695492 0.446090974849861
JekyllIs 0.861823550205566 -0.850286169315103 -0.696757939636366 -0.190791772244434 -0.604857041893043
JekyllIs 0.89962323261921 -0.748445918687912 -0.432222652496085 -0.308712451556509 0.432784158195387
JekyllIs 0.863425767970533 -0.787119782118316 -0.0976712489126494 -0.301848197305168 0.597515484738382
JekyllIs 0.914336282237147 -0.975189133600305 -0.86169683231939 -0.287863047447154 -0.00499013979121876
JekyllIs 0.935059873500606 -0.803269825087704 -0.292144877890577 -0.469771047730765 0.314787490458638
JekyllIs 0.82396387189587 -0.901116394007359 -0.885633605676567 -0.525934843630431 0.513780552495042
JekyllIs 0.909195149736406 -0.938779891640183 -0.825078729375335 -0.10371314741682 -0.49865115374884
JekyllIs 0.866343414168697 -0.622861223244317 0.0482560035062936 -0.425379319176572 0.104958195452065
JekyllIs 0.821801516572609 -0.877066594586199 -0.835275160094108 -0.368816929345607 -0.253025841668082
JekyllIs 0.937016136671033 -0.740599715415137 -0.131755232913181 -0.297732571651819 -0.216960913987889
JekyllIs 0.958217500554668 -0.74322060672272 -0.221724276709888 -0.293622766333949 -0.159691584108456
JekyllIs 0.923193399520645 -0.754256243742023 -0.307013764896047 -0.318829657314418 -0.242052033989255
JekyllIs 0.880967224198022 -0.981880012465708 -0.848648509298696 -0.540451405160707 0.176777690407877
JekyllIs 0.940641673934314 -0.833537988036958 -0.587515774755028 -0.403527169370139 -0.0685846606369688
JekyllIs 0.963919965974792 -0.598532006121737 0.393320554776589 -0.262338184661889 0.0261183121186439
JekyllIs 0.922104385726336 -0.545589279277389 0.331710671873071 -0.381969965191271 0.162397425959403
JekyllIs 0.860008432950099 -1 -0.713978640014802 -0.404881286525443 0.547418181908644
JekyllIs 0.884653223658379 -0.93451336161276 -0.723141226488374 -0.159886678882925 0.155313194565088
JekyllIs 0.846625926681128 -0.812459314679904 -0.52232767745243 -0.138464661988515 0.209407244949569
JekyllIs 0.920820315102541 -0.674473218751129 0.196807912020559 -0.337263253926202 -0.0118696661753286
JekyllIs 0.910696105751425 -0.675426954446823 0.0788385697394591 -0.5005742580599 0.386054564820107
JekyllIs 0.857442853711287 -0.939501124012952 -0.812088275111438 -0.338810842499826 0.508797246635625
JekyllIs 0.84219232395808 -0.854809637183114 -0.538253475937802 0.169579913369698 -0.423432524734064
JekyllIs 0.933381679620212 -0.698793645660526 -0.055876551094538 -0.592069008354496 0.450848664895436
JekyllIs 0.897053356318184 -0.849063080597484 -0.491541688020967 -0.0458757971100624 0.207525499976091
JekyllIs 0.894279158479412 -0.880358926833332 -0.665189293546696 -0.297821994535208 -0.284288894286934
JekyllIs 0.949484353140861 -0.527852441049615 0.413260133220641 -0.362282242833656 0.160136018979997
MagdalenIs -0.780796605075432 -0.263707455502846 -0.165203317990907 -0.191832059352265 -0.0541811597734043
MagdalenIs -0.373884388983395 -0.172129219965488 0.0603385399670455 -0.513630144451154 0.0485982510612246
MagdalenIs -0.597519165491894 -0.381892455914641 -0.338772311471719 -0.492543436501497 -0.731045628411357
MagdalenIs -0.491637477954103 -0.416810245986514 -0.408423952879927 -0.507576440405625 -0.286009507410234
MagdalenIs -0.80099388201736 -0.287301098873737 -0.234910640700917 -0.239984966374388 0.164774974373139
MagdalenIs -0.810738868069172 -0.225477981623601 -0.205617813757971 -0.0998806538929702 -0.54334991016509
MagdalenIs -0.242849285038682 -0.372704168817161 -0.162897966631291 -0.0192923267575055 -0.227822769565983
MagdalenIs -0.622850600669 -0.374164020346483 -0.219653301188964 -0.30212919380763 0.511075055015751
MagdalenIs -0.310419141618569 -0.374229320993178 -0.318829314144286 -0.277761720787197 -0.954080465328107
MagdalenIs -0.406812089546796 -0.320344814552736 -0.456450849406351 -0.0465354739585461 -0.328960953014194
MagdalenIs -0.745737549438629 -0.159582242685207 -0.270750562258542 -0.235193962500419 -0.20261649125996
MagdalenIs -0.485567242008407 -0.344921995726335 -0.20944067541093 -0.0341132813774825 0.0355346765537636
MagdalenIs -0.529164011464773 -0.4010922467789 -0.33994484584956 -0.374247905032992 -0.369890925216746
MagdalenIs -0.729775411810803 -0.365186606376425 -0.156365611328211 -0.186000901324652 0.272799763904118
MagdalenIs -0.535484152764008 -0.386468059768002 -0.281399099414087 -0.488433661810948 -1
MagdalenIs -0.882067357822714 -0.21963084192356 -0.147958634073827 -0.373111644507973 0.0526477548764566
MagdalenIs -0.730663901639373 -0.312877147118392 -0.217432210437434 -0.532053440182397 0.0315379431946623
MagdalenIs -0.65218181378966 -0.2262798180248 -0.180754809395072 0.162138043023883 0.406250713463382
MagdalenIs -0.294833595666065 -0.53158485131272 -0.342325869450006 -0.271897083303356 -0.263165438505842
MagdalenIs -0.732929580772163 -0.304042532311937 -0.0612062997842504 -0.189088062160435 -0.0335770246419196
MagdalenIs -0.86780437851846 -0.314058898708489 -0.0770287936582699 -0.167767463813508 -0.292100521902179
MagdalenIs -1 -0.210452998865881 -0.134507874897309 -0.403225013699989 -0.106967579743
MagdalenIs -0.823508795051509 -0.333641124895432 -0.115877386873506 -0.158180390276896 0.1451508518795
MagdalenIs -0.825380554728581 -0.280065530880439 -0.113015059176286 -0.223295963099891 -0.119061460562071
MagdalenIs -0.711717650777981 -0.263172947324334 -0.192118589067873 0.133172539129356 -0.124437941077074
MagdalenIs -0.322266234502651 -0.25390118857002 0.261327890844745 -0.856152829249958 -0.223110959819075
MagdalenIs -0.693574818941974 -0.273708155489665 -0.171343380032989 0.0478112371788171 0.324587822386039
MagdalenIs -0.460598668551093 -0.165297045022778 0.253914080394395 -0.793302852870673 -0.503835281746219
MagdalenIs -0.691414404663726 -0.236919695778431 -0.198389894618335 0.0600682110967408 0.0387982120958865
MagdalenIs -0.596641018020411 -0.263018634718251 -0.208544832303106 0.278173542997861 0.368909032946214
MagdalenIs -0.696808289923562 -0.253415296702899 -0.248691814027803 0.113613700133294 -0.468404500431078
MagdalenIs -0.68614005027275 -0.294874052058229 -0.16265140093043 0.0327342511622379 0.0145841238566147
MagdalenIs 0.0388876147276225 -0.0437203380408399 0.882480953195085 -1 -0.941888678406514
MagdalenIs -0.58109782792077 -0.20769140561413 -0.277346964972141 -0.0453501583830405 1
MagdalenIs -0.277633720315283 -0.431347426856566 -0.422269702709257 -0.528328696376008 -0.597238361086681
MagdalenIs -0.379031955700481 -0.38477443401344 -0.208749310286434 0.0103200168551008 0.958642634112149
MagdalenIs -0.705856396136194 -0.235424048947285 -0.234191278370914 -0.0417764949644105 0.113996982945185
MagdalenIs -0.752060746808481 -0.335493759657477 -0.153162135911493 -0.230441618296133 0.669716744125858
MagdalenIs -0.488229040071242 -0.405825111259094 -0.329392292510696 -0.397433572829866 0.388163019725234
MagdalenIs -0.29932626623875 -0.487746458443156 0.0222865446992366 -0.208109679023361 -0.770274692077689
MagdalenIs -0.536056050832047 -0.264032524372354 -0.28031079757956 0.0376165397775063 0.588403634056193
MagdalenIs 0.848080655495173 -0.361458680305706 0.214235957939935 0.0146075309082256 -0.151448122607905
MinasBasin 0.85450166140041 0.66809211799323 -0.152926623012556 -0.132925227652039 0.167775711205475
MinasBasin 0.86326076715678 0.882575062026903 -0.485880896703534 -0.457523036468007 0.0454286151462997
MinasBasin 0.693396880906243 0.570199089480198 -0.158267360743758 -0.346630295084522 0.0811270079339643
MinasBasin 0.854857895013573 0.895071412010472 -0.469168508716966 -0.499271867877298 0.143459174690918
MinasBasin 0.815734232735722 1 -0.586715169528904 -0.600988597099597 0.0159679490640801
MinasBasin 0.860123815304436 0.627386603137466 -0.012039737047378 -0.18872715542048 0.102856965506212
MinasBasin 0.942736430645148 0.672668283761421 -0.178499184281971 0.0287935386589675 -0.269978368697127
MinasBasin 0.893551594334489 0.800921822677466 -0.304229253372505 -0.225820027491937 -0.162049293317719
MinasBasin 0.839658765222254 0.726814808556657 -0.255994956145424 -0.375526022582001 0.0711125002691795
MinasBasin 0.903982015319598 0.798804111849652 -0.357331039485172 -0.156495440216106 -0.00452282393493475
MinasBasin 0.659863621985562 0.666255052324235 -0.643348673197179 0.403696729696117 0.136139181178169
MinasBasin 0.686931982858678 0.527451369225528 -0.547975481007456 0.472272417560526 -0.107718758757767
MinasBasin 0.773319169921006 0.877541909578497 -0.436048597115825 -0.334019713462048 -0.118245238611928
MinasBasin 0.906818306170449 0.597502666924605 -0.018426501267668 -0.177317603154079 -0.125291947855885
MinasBasin 0.799775902445243 0.740785347930895 -0.365220221652337 -0.0261503619018939 -0.261624764461059
MinasBasin 0.862438770416755 0.82118418849426 -0.421018002559503 -0.437409606977871 0.0301860450273872
MinasBasin 0.678194485280633 0.423112573299949 -0.735408952699469 -0.383718374682797 -0.232736634308903
MinasBasin 0.892693201601368 0.332418466196567 0.0914130266523598 -0.248260171233875 0.0961461072278478
MinasBasin 0.84372987213714 0.915274806704305 -0.537635311387734 -0.230465876285885 -0.178368251032159
MinasBasin 0.666592735185433 0.657760753852427 -0.749079462966615 0.401317725832814 0.101063472793743
MinasBasin 0.934376108416079 0.822284779490057 -0.384640883599837 -0.271742830308401 -0.103332969099619
MinasBasin 0.233078339134617 0.433688569600506 -0.452208222239495 0.0591310087930617 0.297350261601853
MinasBasin 0.746091094225134 0.232378251896592 -0.672015459440828 -0.0548409446457282 -0.511966779562337
MinasBasin 0.782727192804989 0.64207389306526 -0.162148555235071 -0.00607448347693196 0.0133037790214745
MinasBasin 0.812429205746115 0.849456716252966 -0.427738923236196 -0.387165858467184 -0.00167511075059901
MinasBasin 0.483842194975847 0.590162677702127 -0.589673233760869 0.376623934866989 -0.0836298634869801
MinasBasin 0.87188470977871 0.44437928343474 -0.156095488199871 -0.190485241320509 -0.154133910403139
MinasBasin 0.740229299970085 0.58703524575038 0.174772830039271 -0.606835176327418 -0.304121970297655
MinasBasin 0.886423747127835 0.699429618841535 -0.266509136125371 -0.153722846018381 -0.165338303880763
MinasBasin 0.132425176853322 0.322995312920866 -0.466684792052132 -0.407480857416588 0.785333609630986
MinasBasin 0.923147583198121 0.762447875263845 -0.205557179438864 -0.521410626494244 0.179986691965873
MinasBasin 0.632052069160885 0.745523106169484 -0.741126075187734 0.373009726316359 -0.144401118168156
MinasBasin 0.860802962113673 0.886961032947036 -0.503893398805838 -0.478223362318063 -0.00224941765770903
MinasBasin 0.674325243859947 0.51598548675798 -0.686648004325447 0.484314545437639 0.0788182499773822
MinasBasin 0.729041336838324 0.610713857690047 -0.0941936511167462 -0.2222489672558 0.0284483130738125
MinasBasin 0.847814975675337 0.496905722153918 0.262563239881491 -0.274634892319866 -0.263368305823036
MinasBasin 0.843959768542873 0.897669319502676 -0.425580227180915 -0.634930978018286 -0.0712092452337715
MinasBasin 0.824074409506142 0.767932258449054 -0.28756742378118 -0.524530417086802 -0.130010541884428
MinasBasin 0.852846493000456 0.89643248422043 -0.370676326133593 0.0230237882983475 -0.438886486368305
MinasBasin 0.571135075031718 -0.0923603617547925 -0.0766727472772968 1 -0.0152411873434313
MinasBasin 0.984361006111987 0.918163837232548 -0.55697722751412 -0.282702422583868 -0.0563033074775868
MinasBasin 0.80641889235689 0.770960960722202 -0.284129334648377 -0.845378977500961 0.305853644083735
Patchogue 0.824624952060701 -0.509788364108736 -0.00285337642551509 -0.391428911087997 -0.379809518326752
Patchogue 0.974380875369316 -0.588267745619565 -0.25643655250517 -0.103680909674362 -0.111341614066746
Patchogue 0.87476588888377 -0.475803962515619 0.103013475305472 -0.234541852311899 -0.437240645812315
Patchogue 0.674944997315519 -0.684780010406293 -0.308018968163238 0.414124932235706 -0.477284660578565
Patchogue 0.918454926618463 -0.820357240531397 -0.600224516360582 -0.174758744272817 -0.541057034152823
Patchogue 0.86973385901355 -0.653332934528991 0.036706756807168 -0.157283756147444 -0.381659629616835
Patchogue 0.822377816628764 -0.841115356374535 -0.686646881824378 -0.407231069935139 -0.763012736313726
Patchogue 0.86145000030868 -0.908157545922325 -0.533309092363238 -0.366820932360073 -0.100991191728981
Patchogue 0.875651901401465 -0.385056236827866 0.289491489387852 0.436229039618968 -0.259965471365955
Patchogue 0.879030688076906 -0.400389338811765 0.429758747517217 -0.0600916162155654 0.0736051033589535
Patchogue 0.873241707119316 -0.73270518870416 -0.0595840455119983 0.0907122428048357 0.121700139915491
Patchogue 0.831001209867994 -0.402764479159508 -0.1148338415361 -0.0445036275636997 -0.229069096688298
Patchogue 0.896036499691697 -0.563207131067707 0.0239412655014206 -0.184186040493401 0.262939575771657
Patchogue 0.842254283515573 -0.66124726841599 0.0101233381064609 0.334802901225823 -0.206192538157624
Patchogue 0.896273309610806 -0.563160174284173 0.126165096186229 -0.198985686220427 0.100138708483314
Patchogue 0.874449554216117 -0.370405767597913 0.769431361810787 0.209439566981529 -0.151042658942658
Patchogue 0.576068908565324 -0.453556994353435 0.310421600265546 0.811325694696105 0.149134730106166
Patchogue 0.813283135761187 -0.499589987322159 0.0249216568713235 0.100132944226043 -0.365197717108508
Patchogue 0.850327160288752 -0.8745269361499 -0.525267976907493 0.118056515939448 -0.494004143487288
Patchogue 0.709547664677465 -0.808984147631804 -0.442885986959022 -0.027214351828767 0.000175217327223143
Patchogue 0.887555709055825 -0.542077077891619 -0.0727427463353275 -0.332374796102501 0.292299705187728
Patchogue 0.837376059020513 -0.742508132901943 -0.549159611243686 -0.160399806911238 -0.402128244023131
Patchogue 0.981552232588134 -0.408503193014451 0.599050275278042 -0.169287368548117 0.116962390514957
Patchogue 0.930541178854995 -0.416773417300116 0.508488933237764 -0.110124471030123 0.0713912906262164
Patchogue 0.774017324421455 -0.359452466858378 -0.000631415114762945 -0.194309102858862 0.161524708589921
Patchogue 0.938614939923645 -0.448465673360245 0.560624523727928 0.238266458470342 0.00415441818952367
Patchogue 0.876989962158152 -0.264706103261597 1 -0.230101031621747 -0.0228049137863108
Patchogue 0.746950030473674 -0.563109291059985 -0.233775483307557 -0.278007727763672 0.31843869753279
Patchogue 0.800637835136746 -0.323436618726411 0.532413150270548 0.433308483116529 -0.18440115294409
Patchogue 0.870060764392085 -0.551993624547052 0.504017959079204 -0.0745853979323993 0.132785085591494
Patchogue 0.854447291032002 -0.263991579922988 0.68425490648951 -0.26041174817335 0.00655440027899501
Patchogue 1 -0.649351234770828 -0.0927076355082164 -0.407171954954387 -0.151447531973143
Patchogue 0.865589524363668 -0.290895162279132 0.747907368832102 -0.0599135086888227 -0.0949117600409159
Patchogue 0.872092080118873 -0.552509057523015 0.0902127262813808 -0.433168017631159 0.379936010487679
Patchogue 0.865890165615369 -0.630690867050044 0.0762750225292987 0.140597422956936 -0.407303286828079
Patchogue 0.846465801905889 -0.813997758918192 -1 0.138562517420718 -0.437879100595477
Patchogue 0.875580568069677 -0.824481288798846 -0.903657205824487 -0.310506642294352 -0.117246129540028
Patchogue 0.924387582089075 -0.340881773439234 0.994325954198531 -0.453310537168841 0.12014795489526
Patchogue 0.920992040942795 -0.334799244987688 0.815640048126897 -0.424320068584335 -0.0236748253542586
Patchogue 0.814240578346676 -0.713805162475099 -0.269354116818856 -0.114530704450496 0.0459442556892067
Patchogue 0.87193031451786 -0.397818343086904 0.51896229084742 0.0454571175902996 0.0571177766683484
Patchogue 0.905776327846602 -0.38650715469575 0.742002538374235 -0.348897586362974 -0.329836817233395
