population PC1 PC2 PC3 PC4 PC5
JekyllIs -0.979878925378264 -0.747419769189037 -0.219901818359126 0.826328462239977 0.463741781951966
JekyllIs -0.986738265649469 -0.72987652363183 -0.275977727392217 0.83787228372315 0.513179566492316
JekyllIs -0.999742624243783 -0.807597363041985 -0.286061232194661 0.948208900539682 0.37114087653024
JekyllIs -0.989585904516726 -0.767883697389497 -0.225047455427628 0.894455267931963 0.398743834817444
JekyllIs -0.981826433813554 -0.813578299592478 -0.190261067535645 0.757841464774233 0.483204694733933
JekyllIs -0.9851512268527 -0.782776391715146 -0.20880264074853 0.787982641872502 0.468343254662103
JekyllIs -0.983021872790556 -0.795098764488384 -0.239471355754268 0.9138222456817 0.387783662163547
JekyllIs -0.983620921890812 -0.779652378527397 -0.132193341725578 0.736135188272136 0.468159158194375
JekyllIs -0.984772357054985 -0.805843422001492 -0.18551587946255 0.740714116893218 0.501826762828508
JekyllIs -0.990027764583281 -0.769854975325857 -0.192676646302795 0.853918516107383 0.412266074531824
JekyllIs -0.98776209998883 -0.815701322294878 -0.20896884975856 0.798034119814489 0.394328463145819
JekyllIs -0.987995853019263 -0.749974215109653 -0.23917372078651 0.847648228478119 0.475461403496435
JekyllIs -0.991090157420923 -0.81912575135772 -0.23225312094729 0.854503825212238 0.421961146814523
JekyllIs -0.991940583714422 -0.760499082568704 -0.282819333984948 0.955253737326787 0.369890513359307
JekyllIs -0.989207346525697 -0.800352281765142 -0.210108177152157 0.786217321845496 0.441282554415216
JekyllIs -0.982310759749543 -0.777686456175864 -0.159768694260691 0.829893949739077 0.43060415759636
JekyllIs -0.984925791540576 -0.758438646976847 -0.229165054618026 0.797630294480755 0.45984613972365
JekyllIs -0.990085263561087 -0.796720054015733 -0.241431014567991 0.949637033185283 0.439949123654416
JekyllIs -0.987785927712675 -0.790507403030734 -0.198437417258248 0.81556806636056 0.388538441475822
JekyllIs -0.999707681784606 -0.785496236395011 -0.247700791663377 1 0.289060869233422
JekyllIs -0.984346455229327 -0.754157348936347 -0.163553918673905 0.589761060094139 0.670672750884263
JekyllIs -0.99128545946196 -0.775557434230076 -0.272985677282739 0.847651365803509 0.457269486967911
JekyllIs -0.991229135463661 -0.748208642446746 -0.286529301004442 0.821255630638838 0.485097964122757
JekyllIs -0.992740666635771 -0.74698728177808 -0.240809680227069 0.939854651483939 0.333627079703278
JekyllIs -0.988711657736287 -0.800515432055774 -0.215359463593981 0.765182895246581 0.438137027149017
JekyllIs -0.991916892131128 -0.797097648609676 -0.191036422619687 0.92097763870664 0.418619153576893
JekyllIs -0.989567728620848 -0.736217570480949 -0.237851617392886 0.974900005419271 0.343338256535767
JekyllIs -0.992503827079278 -0.772666477840628 -0.170655122124748 0.968733047479987 0.317701260404824
JekyllIs -0.992604489472633 -0.784340505489472 -0.228397050862942 0.851595360470334 0.378984635651784
JekyllIs -0.991844006421784 -0.790643689387642 -0.313234432890643 0.901949692683577 0.396479123362279
JekyllIs -0.994622458116533 -0.818209520202006 -0.168170561005703 0.891286558272944 0.308175881024929
JekyllIs -0.995645477674273 -0.764395891183486 -0.321724214492751 0.960343811687225 0.357366434651462
JekyllIs -0.986947253010231 -0.750220899160463 -0.189673908731803 0.943401623976153 0.434151855614361
JekyllIs -0.995635849390362 -0.763464588987892 -0.272305096927693 0.870773414126109 0.484721194464651
JekyllIs -0.99273562835984 -0.733751015401456 -0.284613659012601 0.934941191289106 0.404030198526292
JekyllIs -0.993054388036377 -0.731277881734691 -0.339049761798805 0.918264260218773 0.481183599393309
JekyllIs -0.992543660852398 -0.772538875190623 -0.255241602352151 0.882283095879959 0.375280337660749
JekyllIs -0.997112124492796 -0.791492273833307 -0.239219997278502 0.759099551599226 0.429733945982578
JekyllIs -0.997226807033183 -0.794671776245512 -0.241513720987941 0.986785873232344 0.350131227197548
JekyllIs -0.992836392027475 -0.767645587815897 -0.227495438146365 0.895558406546915 0.354509983639484
JekyllIs -0.995846981480644 -0.807834849287673 -0.159119173330926 0.868596722589081 0.378943834584433
JekyllIs -0.99991809599532 -0.748651023216572 -0.221946019555973 0.752551903766824 0.520893539611985
MagdalenIs 0.972210929122695 -0.929131631083637 -0.00757855919642059 0.533886337924081 0.549557699250745
MagdalenIs 0.976687088005358 -0.921363026988041 -0.00130936558952854 0.535039233714846 0.550947728971259
MagdalenIs 0.9808488065836 -0.926281796999142 0.0210603824642464 0.532594609894933 0.540210496150149
MagdalenIs 0.985049297871113 -0.934496041152959 0.0414307959256246 0.528906984708315 0.542129606508584
MagdalenIs 0.991892649430038 -0.940388932503104 0.0757991454061964 0.518588513948293 0.547882972797719
MagdalenIs 0.982821309412756 -0.95831855612654 0.0522480038744955 0.530702650629106 0.528240907113717
MagdalenIs 0.983941895797756 -0.968279755586242 0.0755168835408744 0.518098924469347 0.530799604817371
MagdalenIs 0.986402654179489 -0.971291653343011 0.0844992007615188 0.519700044759575 0.538942313235995
MagdalenIs 0.986309689612159 -0.943050067950961 0.0417925769302609 0.520382151643314 0.545179080148654
MagdalenIs 0.980815291474227 -0.930138124534947 0.00962504385945251 0.528222373776844 0.549835556063716
MagdalenIs 0.984715699689784 -0.926847065247661 0.015612587893463 0.520127917944521 0.548644067537272
MagdalenIs 0.980913996411851 -0.923200037432679 0.00049982855555375 0.529295148000667 0.545380040384398
MagdalenIs 0.994491547014183 -0.960988028309734 0.096302433108264 0.501304494682901 0.552471186749964
MagdalenIs 0.982511993458269 -0.920229783435182 0.00398760563401068 0.524104974342877 0.556775142490354
MagdalenIs 0.987709987990411 -0.988567544987554 0.102575254555746 0.507203154520017 0.528236227690926
MagdalenIs 0.988528868459158 -0.95670983320609 0.0664772078967746 0.504888855231385 0.549217613751486
MagdalenIs 0.990552127047558 -0.970114517803701 0.0922247817548778 0.517670074118195 0.545623293096677
MagdalenIs 0.989145299237487 -0.993495944430014 0.0891522252624888 0.531147361829271 0.525695790670001
MagdalenIs 0.991569050386277 -0.899622622523616 0.0480098590785729 0.544049260905783 0.541023395480194
MagdalenIs 0.993947193113065 -0.951610762102542 0.0928365310718273 0.496579167529053 0.551921055377826
MagdalenIs 0.99340795495711 -0.987698192842854 0.12785313741447 0.5082999197958 0.528664070055023
MagdalenIs 0.996744687419106 -0.935281461729448 0.0943829578133353 0.5188499366357 0.558994446264025
MagdalenIs 0.99810554601404 -0.930579933940979 0.105801127450832 0.520342392417727 0.552136152954869
MagdalenIs 0.990149503590483 -0.883297277200306 -0.0095129242878903 0.540622710264381 0.552789603738094
MagdalenIs 0.996592499956655 -0.989667754746133 0.140812647006713 0.530991368183736 0.538362080753328
MagdalenIs 0.996997369504159 -0.974730243579044 0.10910761485643 0.527511485453871 0.539028079755176
MagdalenIs 1 -0.973000724094944 0.150304897673921 0.510808305403106 0.540351314009172
MagdalenIs 0.995396311976089 -0.978008634476155 0.117933684040507 0.531559821822612 0.537679017993414
MagdalenIs 0.996804532253907 -0.954556115193296 0.0893597820867971 0.508745222227141 0.539900406176043
MagdalenIs 0.992852721241899 -0.983347960804592 0.127503065269639 0.496393572698331 0.521836614835951
MagdalenIs 0.995805889356323 -0.952524005080362 0.0853708739246499 0.551629930771096 0.526238208790596
MagdalenIs 0.988809434881513 -0.945739092807389 0.0498669207836848 0.533897649949389 0.555577348690672
MagdalenIs 0.990312576923028 -0.898755986880571 0.0121837207570843 0.533244964237053 0.572837119974812
MagdalenIs 0.988877487845092 -0.920897433816439 0.0528181372515881 0.536143048021803 0.529490750334269
MagdalenIs 0.998288813507993 -0.954007935037649 0.0993962993266759 0.521190493121409 0.536623454577571
MagdalenIs 0.99370874467576 -0.918604671922173 0.0823607068536509 0.522705877258706 0.557715168506401
MagdalenIs 0.988327914312582 -0.974443842728143 0.0817137658810325 0.547071593224736 0.551336332099998
MagdalenIs 0.986726768061638 -1 0.101278095192127 0.47576853272265 0.539434108196905
MagdalenIs 0.994566836205741 -0.96570979269733 0.0856204568182404 0.508815470226418 0.547532613749062
MagdalenIs 0.994090906430337 -0.927810088864041 0.0465050601634012 0.511861533816721 0.563996931539556
MagdalenIs 0.996751218844207 -0.97681613052672 0.133499275296955 0.542367605350741 0.528397728920551
MagdalenIs -0.988356892766903 -0.713934327414793 -0.184276378258205 0.511902134373549 0.783933335594717
MinasBasin 0.862663694300174 -0.208523116563423 -0.671839367635539 0.729218971642092 0.688392155478428
MinasBasin -0.0917047742448279 0.891479604546344 -0.0289355971550115 0.52407574299743 0.557734502772955
MinasBasin 0.822826298129068 -0.123367449654989 -0.739923181646869 0.830827662211688 0.675089677780849
MinasBasin -0.108022905168831 0.946626286095547 0.079955960083208 0.700951515012043 0.489087675903425
MinasBasin -0.100229809311172 0.796056170425099 -0.0299482327814136 0.711527526369613 0.467169255426364
MinasBasin -0.108256267447048 0.745971382691838 -0.135143272382161 0.678243189678001 0.47906605925781
MinasBasin -0.112050944828414 0.893978466489317 0.0901978891578521 0.485219671996262 0.552285089113508
MinasBasin -0.0906795848361966 0.845962736650405 -0.0831774159254445 0.590956783038862 0.633052209364551
MinasBasin -0.116620631481404 0.861165302883799 -0.0103758036206205 0.599274242854643 0.440462729991818
MinasBasin 0.904843562850147 -0.448459520894071 -0.566281871821252 0.665102270979997 0.652272708795999
MinasBasin -0.0870210653300613 0.745600160624735 0.133000948219168 0.424636744584831 0.53088804578493
MinasBasin 0.881713158087897 -0.225439148784781 -0.812024444177442 0.815137974907332 0.688247106350843
MinasBasin 0.848760107897537 -0.142734388209343 -0.781568609147522 0.807874453305872 0.722213007698646
MinasBasin -0.864637078330019 0.871791304372494 1 0.745391299283453 0.696813889693171
MinasBasin -0.106123403160441 0.989141489546991 -0.0100116632370136 0.538839909409049 0.629490915401601
MinasBasin 0.882628461989448 -0.177260501405704 -0.840443061988412 0.842026727191842 0.717592649988031
MinasBasin -0.0921931520464537 0.925270658459048 0.0862972639313577 0.63723801741781 0.535712733650366
MinasBasin 0.895936886570486 -0.346754534901393 -0.693665830236529 0.697903211310749 0.703257918357974
MinasBasin -0.108572010508134 0.773612345440985 -0.0107691034693915 0.367445886761532 0.608532726233504
MinasBasin -0.0806439345702877 0.723399150513905 0.0689899352878427 0.547183689911908 0.516432828079738
MinasBasin 0.875396537436591 -0.163396372631993 -0.844514953801601 0.838954936787205 0.72258226838004
MinasBasin -0.0973450683971832 0.818720498786285 -0.102578563223886 0.473760465454217 0.681204689629441
MinasBasin 0.912506940381546 -0.34019085051985 -0.717286755377529 0.757566788149596 0.659173654523869
MinasBasin -0.0941234692575227 0.675300735592956 -0.0392335019065064 0.666395071750259 0.488615413377762
MinasBasin -0.0771036659302663 0.86378189856885 0.102043250289888 0.57487837606138 0.506911163560667
MinasBasin -0.0790629933589557 1 0.130272481380248 0.549666708916316 0.599320283943326
MinasBasin -0.0635319330099083 0.813162399901546 -0.049538937363676 0.854752194514635 0.610955533219321
MinasBasin 0.841861376929313 -0.142293970382566 -0.821371956141983 0.757287677449855 0.720306580766791
MinasBasin -0.0953259635809639 0.770445925339465 0.157773323152863 0.461781436633416 0.425471679656108
MinasBasin 0.909372374337323 -0.320398003378663 -0.844294641007947 0.788348338037105 0.706931325183236
MinasBasin -0.123129572174653 0.920038397615967 0.193069701580254 0.660599336270165 0.428137276915186
MinasBasin -0.0990093141328279 0.656016879688389 0.126211524097232 0.468518538810843 0.442634627764185
MinasBasin 0.892749406621091 -0.223165641749711 -0.958931217599705 0.858027356973327 0.746102705844061
MinasBasin -0.10427417620061 0.79253549938878 0.226382995545395 0.379636842680583 0.547107982350094
MinasBasin 0.872418785369877 -0.125819482191203 -0.923863358694071 0.855273998883797 0.746144447228013
MinasBasin 0.880469150270144 -0.133136609969674 -0.936106103034259 0.842219630712713 0.7629829193911
MinasBasin 0.896273354202406 -0.213128063873379 -0.823829225411331 0.74992355749932 0.709509897953417
MinasBasin 0.900497880608041 -0.198175647345014 -0.974113598995586 0.897485354443141 0.736939347031875
MinasBasin -0.109034732058412 0.865392312796407 -0.0329202859153066 0.657664721578005 0.592496550287556
MinasBasin 0.888309861019158 -0.196531376066289 -0.937847181402172 0.787053023479297 0.767808802146425
MinasBasin 0.874585736853619 -0.134006187717832 -0.942710464499749 0.859447848324966 0.741035755387544
MinasBasin 0.916513914286211 -0.255415094024691 -0.90598692962701 0.908240087045508 0.698579324323446
Patchogue -0.980420202601049 -0.745770270033662 -0.195363708691786 0.392369061083504 0.736365710809502
Patchogue -0.983164108567214 -0.791097634391196 -0.184829647627599 0.661738004521932 0.52670544830297
Patchogue -0.977359338795036 -0.734581568156136 -0.156538200687405 0.395959846278217 0.720279063645574
Patchogue -0.981119554172746 -0.741897077742885 -0.230605205319418 0.50147224059675 0.736484461085357
Patchogue -0.984302626692441 -0.695821512152926 -0.251609898254776 0.459055059568385 0.841258706393987
Patchogue -0.981660058505822 -0.705680572916465 -0.178660125443185 0.316903999294115 0.814488004131969
Patchogue -0.970337713463961 -0.736387666565363 -0.0658173238153528 0.210735574756774 0.87266040353876
Patchogue -0.980604586529406 -0.75264018241851 -0.154325343808037 0.358862829256007 0.739643597979849
Patchogue -0.982862224022492 -0.738469803893379 -0.212769897038408 0.358505178491519 0.728855093423654
Patchogue -0.980709674941299 -0.68225293592327 -0.162449598813963 0.486715948841444 0.745903139771112
Patchogue -0.162892519199732 -0.494110239357712 -0.937525679370029 -0.555545136800251 -0.104341532968046
Patchogue -0.979965589392461 -0.744763283882984 -0.196255050160411 0.197181270654402 0.880809763021952
Patchogue -0.9830747905993 -0.684446349579872 -0.167822215752641 0.369652493449504 0.836947470267477
Patchogue -0.985993083121415 -0.790452013255946 -0.206803344257443 0.567788062016507 0.668551505774668
Patchogue -0.979805445438449 -0.709517049840535 -0.18741408454731 0.21485360581416 0.823546375684624
Patchogue -0.98069668823499 -0.744919299273061 -0.158866916418135 0.265322874101367 0.789488617135887
Patchogue -0.980504883185984 -0.704158625648383 -0.154553100213841 0.310191338160946 0.860203418345514
Patchogue -0.978307427478186 -0.685294004792015 -0.23628550734778 0.424205028264737 0.770333701619545
Patchogue -0.171546660921886 -0.501381017387075 -0.873917316082163 -1 -1
Patchogue -0.983730854792716 -0.745307934621593 -0.0706844561779409 0.258581961037516 0.808364889788774
Patchogue -0.115679906803169 -0.464710863316363 -0.918798301157859 0.0573952469299466 0.604795159676861
Patchogue -0.983701583603907 -0.730828518769578 -0.160680430026079 0.214721445411428 0.869908415183456
Patchogue -0.981685394028092 -0.667062273184898 -0.234291324067593 0.251755886326275 0.949066484296665
Patchogue -0.985218341831776 -0.691228024567827 -0.209261370097625 0.512336948860858 0.757043914042814
Patchogue -0.984886418595769 -0.693852046765544 -0.203971456209376 0.415905626429383 0.848430590810888
Patchogue -0.149936598126635 -0.518027825447103 -0.8077924489286 -0.178606759850588 0.649915382219709
Patchogue -0.987521960006286 -0.711191972370979 -0.116395318511474 0.439198357162265 0.782777276310228
Patchogue -0.128072405371153 -0.529780939608069 -1 0.0865902041889508 0.441038398022158
Patchogue -0.123750901405595 -0.49300242851919 -0.962770047035279 0.0291837631844241 0.654189247420809
Patchogue -0.981009835550462 -0.723254942926127 0.0105014657205795 0.156047236210171 0.860484949566643
Patchogue -0.980667868177639 -0.641203646086595 -0.160678809774791 0.109891141493633 0.984119506269235
Patchogue -0.982233517206414 -0.584633373239398 -0.196585574049751 0.279850645910087 0.998178378997059
Patchogue -0.980843628323441 -0.693498148804979 -0.107827903343078 0.256482539540291 0.890699526941803
Patchogue -1 -0.70273923217438 -0.081144185840868 0.533610827882314 0.775957091359279
Patchogue -0.157676748819685 -0.489849558753365 -0.908195087907245 0.112067316302849 0.599337054502754
Patchogue -0.989616092450097 -0.689300404630998 -0.152596107004859 0.305878459110118 0.835864456168538
Patchogue -0.987622430574557 -0.726927125772288 -0.234501789862032 0.213685067364224 0.896667391986438
Patchogue -0.992282418914057 -0.723292834769719 -0.233562279603427 0.244170490158154 0.919642673477997
Patchogue -0.991911412299051 -0.669618679366392 -0.141459575571879 0.286729527766384 0.885823231580007
Patchogue -0.988915455677636 -0.677216835212581 -0.23016623817926 0.0858098974180463 1
Patchogue -0.98697530601902 -0.707005997797625 -0.081385214058099 0.3894311649731 0.714339189295452
Patchogue -0.994964314939852 -0.627856398509779 0.0178874952625867 0.453748858817645 0.849429145027394
